state={
	id=8689
	name="STATE_8689"
	provinces={
		19 34 240 440 622 623 802 816 1007 1022 1226 1241 1451 1466 1677 1692 1902 1917 2118 2128 2235 2242 2262 2268 2288 2294 2314 2320 2338 2344 2363 2419 2443 2467 2493 2517 2538 2665 2690 2715 2738 2739 2810 2811 2834 2835 2848 2859 2872 2906 2930 2954 2980 3024 3223 3429 3813 4244 5669 5825 5874 8516 8541 8564 8587 8611 8844 8894 9048 
	}
	history={
		owner = WTR
		add_core_of = WTR

	}
	manpower = 1
	state_category = wasteland
	buildings_max_level_factor=1.000
}
