state={
	id=8700
	name="STATE_8700"
	provinces={
		8267 815 5712 1240 2418 2442 5584 8948 8972 8996 5610 29 33 235 439 621 1021 1465 1691 1916 2127 2241 2267 2293 2319 2343 2369 2393 2465 2466 2563 2587 2588 2615 2664 2979 3023 3222 3428 5346 5393 5417 5464 5490 5516 5616 5642 5667 5686 5693 5719 5739 6433 6447 6448 6623 6636 6637 6815 6829 6830 7017 7031 7032 7241 7257 7258 7467 7483 7484 7709 7710 7922 7937 8153 8154 8268 8269 8293 8294 8295 8319 8320 8321 8344 8345 8346 8372 8373 8374 8397 8398 8399 8422 8423 8424 8441 8446 8447 8448 8468 8473 8474 8475 8495 8500 8501 8502 8521 8526 8527 8528 8549 8550 8551 8573 8574 8575 8596 8597 8598 8624 8625 8626 8645 8650 8651 8652 8671 8677 8678 8679 8697 8703 8704 8728 8729 8730 8752 8753 8754 8771 8775 8776 8777 8792 8798 8799 8800 8818 8823 8824 8825 8849 8850 8851 8875 8876 8877 8899 8900 8901 8917 8922 8946 8947 8970 8971 8994 8995 9018 9019 9058 9062 
	}
	history={
		owner = WTR
		add_core_of = WTR

	}
	manpower = 1
	state_category = wasteland
	buildings_max_level_factor=1.000
}
