state={
	id=8713
	name="STATE_8713"
	provinces={
		28 234 239 435 616 811 1016 1235 1461 1686 1911 2124 2239 2265 2291 2317 2341 2367 2391 2416 2440 2464 2490 2514 2537 2561 2585 2614 2636 2638 2714 2737 2760 2785 2809 2922 4676 4684 4899 4907 5116 5124 5238 5242 5263 5267 5290 5294 5316 5320 5366 5390 5414 5438 5462 5487 5513 5515 5538 5563 5636 5661 5666 8412 8644 8670 8797 8822 8848 8898 8921 8945 8969 9020 9057 9063 
	}
	history={
		owner = WTR
		add_core_of = WTR

	}
	manpower = 1
	state_category = wasteland
	buildings_max_level_factor=1.000
}
