state={
	id=8722
	name="STATE_8722"
	provinces={
		51 259 456 640 645 835 1040 1260 1266 1487 1711 1936 2113 2119 2141 2145 2234 2236 2250 2253 2260 2276 2302 2328 2352 2388 2402 2427 2451 2476 2502 2525 2549 2573 5386 5526 5550 5561 5585 5611 5626 5651 5662 5676 5684 5685 5702 5711 5714 5728 5754 5780 5806 5832 5858 5884 5907 5931 5955 5979 6002 6059 6266 6466 6654 6848 7052 7277 7472 7504 7686 7698 7729 7914 7956 8167 8276 8289 8302 8315 8328 8337 8341 8354 8364 8368 8381 8390 8394 8416 8419 8430 8439 8466 8493 8519 8536 8544 8559 8567 8582 8590 8606 8615 8634 8643 8660 8669 8686 8695 8711 8737 8761 8783 8807 8833 8859 8884 8907 8932 8955 8966 8980 9003 9027 9081 
	}
	history={
		owner = WTR
		add_core_of = WTR

	}
	manpower = 1
	state_category = wasteland
	buildings_max_level_factor=1.000
}
