state={
	id=8742
	name="STATE_8742"
	provinces={
		25 54 230 262 431 459 612 613 643 808 838 1012 1232 1264 1457 1682 1715 1907 1940 2121 2122 2143 2237 2238 2263 2264 2290 2304 2316 2339 2340 2364 2365 2389 2390 2415 2439 2463 2487 2488 2512 2513 2535 2536 2559 2586 2612 2637 2661 2662 2687 2711 2712 2735 2736 2758 2759 2783 2784 2806 2807 2831 2855 2879 2901 2925 2926 2949 2950 2974 2975 3014 3015 3212 3213 3419 3420 3610 3611 3804 3805 4011 4012 4234 4235 4460 4461 4683 4906 5123 5241 5261 5266 5288 5293 5319 5342 5355 5377 5426 5450 5475 5501 5562 5586 5612 5638 5640 5663 5664 5665 5689 5690 5691 5715 5716 5717 5742 5743 5744 5767 5768 5794 5795 5820 5821 5822 5847 5848 5871 5872 5897 5898 5920 5921 5922 5944 5945 5946 5968 5969 5970 5991 5992 5993 6019 6031 6032 6036 6228 6239 6427 6438 6617 6628 6629 6810 6820 6821 7023 7024 7062 7247 7248 7473 7474 7515 7699 7700 7740 7918 7928 8146 8260 8264 8286 8312 8338 8365 8391 8420 8440 8443 8467 8471 8494 8498 8520 8524 8545 8568 8571 8591 8594 8616 8620 8674 8700 8725 8770 8773 8795 8796 8817 8821 8843 8847 8869 8873 8885 8893 8897 8908 8916 8920 8933 8939 8943 8956 8967 8991 9004 9015 9028 9044 9053 9085 
	}
	history={
		owner = WTR
		add_core_of = WTR

	}
	manpower = 1
	state_category = wasteland
	buildings_max_level_factor=1.000
}
