state={
	id=8743
	name="STATE_8743"
	provinces={
		56 264 461 840 1045 1491 1717 1942 2405 2414 2438 2462 2478 2504 2552 2599 2602 2625 2648 2651 2674 2699 2724 2747 2770 2794 2819 2842 2852 2867 2891 2914 2938 2962 2988 3043 3244 3446 3638 3832 4040 4264 4490 4713 4936 5145 5254 5279 5306 5332 5402 5534 5558 5608 5634 5659 5894 5941 5965 5988 6005 6065 6272 6472 6660 7287 8137 8259 8285 8290 8311 8316 8342 8369 8395 8444 8470 8497 8523 8547 8562 8570 8593 8609 8619 8637 8647 8663 8673 8689 8699 8714 8724 8740 8750 8764 8786 8810 8836 8862 8887 8910 8935 8958 8983 8990 9006 9030 9087 
	}
	history={
		owner = WTR
		add_core_of = WTR

	}
	manpower = 1
	state_category = wasteland
	buildings_max_level_factor=1.000
}
