state={
	id=8744
	name="STATE_8744"
	provinces={
		13 50 218 258 420 455 601 639 796 834 1000 1039 1219 1259 1443 1486 1670 1710 1895 1935 2140 2249 2275 2279 2286 2301 2306 2313 2327 2337 2351 2362 2376 2386 2401 2412 2426 2435 2450 2457 2459 2475 2482 2484 2501 2508 2509 2524 2532 2533 2548 2557 2572 2582 2598 2608 2624 2633 2647 2673 2698 2723 2746 2769 2777 2793 2818 2841 2866 2890 2913 2937 2961 2987 3042 3243 3445 3637 3827 3831 4039 4263 4489 4712 4935 5144 5253 5278 5285 5304 5305 5330 5331 5353 5354 5375 5376 5400 5401 5424 5425 5448 5449 5473 5474 5499 5500 5525 5549 5573 5574 5599 5600 5625 5650 5675 5701 5710 5727 5737 5753 5779 5805 5831 5857 5882 5883 5930 5987 6018 6058 6068 6265 6276 6465 6475 6616 6653 6663 6809 6858 7061 7234 7276 7286 7460 7503 7514 7728 7739 7955 7966 8166 8173 8275 8280 8301 8306 8327 8332 8353 8358 8380 8385 8405 8406 8411 8429 8434 8455 8456 8460 8483 8484 8488 8510 8511 8515 8535 8540 8558 8563 8581 8586 8605 8610 8633 8638 8659 8664 8685 8690 8710 8715 8720 8736 8741 8760 8769 8790 8806 8816 8832 8842 8858 8866 8868 8883 8892 8906 8931 8954 8979 8987 9002 9007 9010 9026 9031 9040 9080 
	}
	history={
		owner = WTR
		add_core_of = WTR

	}
	manpower = 1
	state_category = wasteland
	buildings_max_level_factor=1.000
}
