state={
	id=8746
	name="STATE_8746"
	provinces={
		59 267 465 647 842 1049 1270 1495 1720 1946 2148 2254 2280 2307 2311 2330 2331 2335 2355 2357 2360 2377 2379 2380 2384 2406 2410 2429 2430 2433 2453 2454 2479 2505 2528 2529 2576 2577 2603 2628 2657 2677 2683 2702 2707 2727 2733 2750 2773 2780 2797 2803 2822 2845 2869 2889 2893 2912 2916 2939 2940 2941 2963 2964 2990 3047 3051 3239 3252 3451 3453 3634 3643 3647 3837 3841 4036 4044 4048 4259 4267 4271 4447 4494 4497 4672 4717 4721 4940 4944 5114 5142 5147 5149 5237 5255 5256 5262 5277 5280 5281 5289 5307 5308 5315 5333 5334 5357 5358 5379 5380 5385 5404 5405 5410 5428 5429 5434 5436 5451 5452 5457 5476 5477 5482 5502 5503 5528 5529 5552 5553 5576 5577 5602 5603 5628 5629 5653 5654 5678 5679 5704 5705 5706 5730 5731 5732 5756 5757 5758 5762 5783 5784 5785 5789 5809 5810 5811 5815 5835 5836 5841 5861 5862 5867 5887 5888 5893 5906 5911 5916 5934 5935 5940 5954 5959 5964 5978 5983 6001 6006 6227 6425 6426 6847 7009 7051 8168 8359 8408 8661 8706 8746 8765 8787 8811 8837 8857 8863 8888 8911 8915 8936 8938 8959 8963 8981 8984 9091 
	}
	history={
		owner = WTR
		add_core_of = WTR

	}
	manpower = 1
	state_category = wasteland
	buildings_max_level_factor=1.000
}
