state={
	id=8749
	name="STATE_8749"
	provinces={
		16 55 263 423 460 604 644 839 1044 1265 1490 1716 1941 2144 2251 2252 2277 2278 2303 2305 2329 2353 2354 2378 2403 2404 2428 2452 2477 2503 2526 2527 2550 2551 2574 2575 2600 2601 2626 2627 2629 2649 2650 2652 2675 2676 2678 2700 2701 2725 2726 2728 2732 2749 2751 2755 2772 2774 2779 2796 2798 2802 2820 2821 2823 2827 2844 2846 2850 2868 2874 2875 2892 2898 2915 2921 2945 2969 2989 3001 3019 3200 3249 3408 3599 3792 3997 3998 4220 4221 4448 4671 4895 5113 5282 5309 5335 5359 5381 5406 5430 5453 5461 5478 5486 5504 5512 5530 5769 5796 5849 5899 5910 5932 5956 5980 6003 6060 6240 6267 6439 6853 7053 7056 7278 7282 7505 7509 7730 7734 7929 7957 7961 7967 8147 8174 8265 8277 8278 8281 8291 8303 8307 8317 8329 8333 8355 8382 8407 8431 8457 8485 8512 8537 8560 8583 8584 8607 8635 8648 8687 8712 8738 8762 8763 8784 8785 8808 8809 8834 8835 8860 8861 8886 8909 8934 8957 8982 9005 9011 9029 9086 
	}
	history={
		owner = WTR
		add_core_of = WTR

	}
	manpower = 1
	state_category = wasteland
	buildings_max_level_factor=1.000
}
