state={
	id=8770
	name="STATE_8770"
	provinces={
		1706 2233 2259 2285 2312 2336 2361 2385 2411 2425 2434 2449 2458 2474 2483 2817 2840 2864 2888 2935 2944 2985 3441 3595 3826 4035 4258 4484 4707 4890 4930 5111 5141 5235 5251 5260 5276 5287 5303 5313 5329 5338 5352 5362 5374 5384 5398 5399 5409 5423 5433 5447 5456 5471 5498 5524 5548 5572 5580 5598 5624 5699 5726 5751 5752 5777 5778 5803 5804 5880 5904 5927 5952 5976 5999 6053 6260 6461 6649 6844 7272 7498 7723 7951 8162 8273 8299 8336 8363 8389 8415 8438 8465 8492 8518 8543 8566 8589 8603 8631 8657 8683 8708 8734 8781 8804 8830 8838 8864 
	}
	history={
		owner = WTR
		add_core_of = WTR

	}
	manpower = 1
	state_category = wasteland
	buildings_max_level_factor=1.000
}
