state={
	id=8772
	name="STATE_8772"
	provinces={
		4483 4929 5140 43 597 791 995 1215 1439 1665 1890 1931 2138 2248 2298 2324 2348 2373 2398 2423 2447 2472 2522 2545 2569 2595 2621 2644 2670 2720 2743 2801 2815 2826 2838 2849 2873 2897 2920 2958 2968 2984 2997 3036 3198 3237 3405 3440 3632 3789 3825 3993 4217 4257 4439 4706 4886 5250 5275 5302 5328 5351 5373 5422 5446 5497 5523 5547 5571 5597 5606 5623 5632 5648 5657 5673 5682 5708 5725 5829 5855 7268 7720 7947 8159 8272 8298 8324 8325 8350 8351 8376 8377 8378 8386 8402 8426 8427 8451 8479 8507 8533 8556 8579 8629 8655 8744 8904 8928 8951 8976 9024 
	}
	history={
		owner = WTR
		add_core_of = WTR

	}
	manpower = 1
	state_category = wasteland
	buildings_max_level_factor=1.000
}
