state={
	id=8774
	name="STATE_8774"
	provinces={
		9 41 42 213 249 250 416 446 447 631 632 824 825 1030 1031 1249 1250 1475 1476 1699 1700 1924 1925 2134 2244 2245 2270 2271 2296 2297 2322 2323 2346 2347 2372 2396 2397 2421 2422 2445 2470 2471 2496 2497 2520 2521 2543 2544 2567 2580 2593 2594 2606 2620 2632 2643 2655 2669 2681 2694 2705 2719 2731 2742 2754 2765 2778 2790 2814 2837 2862 2886 2933 2957 2983 3032 3232 3233 3436 3437 3628 3821 3822 4030 4253 4479 4702 4926 5137 5249 5274 5301 5327 5350 5372 5397 5421 5445 5469 5470 5495 5496 5521 5522 5545 5546 5570 5596 5622 5734 5760 5776 5787 5802 5813 5828 5839 5854 5879 5903 5926 5949 5975 5996 5998 6251 6256 6453 6457 6641 6646 6835 6839 6840 7038 7043 7263 7490 7494 7679 7719 7946 8158 8271 8297 8323 8335 8401 8437 8452 8464 8478 8480 8491 8505 8506 8531 8532 8553 8554 8555 8576 8577 8578 8600 8601 8602 8628 8630 8641 8654 8656 8667 8680 8681 8693 8705 8716 8718 8731 8732 8755 8756 8778 8779 8801 8802 8814 8827 8828 8853 8854 8878 8879 8902 8903 8926 8927 8949 8950 8961 8974 8975 8986 8997 8998 9009 9021 9022 9037 9070 9071 
	}
	history={
		owner = WTR
		add_core_of = WTR

	}
	manpower = 1
	state_category = wasteland
	buildings_max_level_factor=1.000
}
