state={
	id=8775
	name="STATE_8775"
	provinces={
		245 627 821 1026 1245 1435 1471 1921 2131 2243 2269 2283 2295 2310 2321 2334 2345 2371 2395 2566 2592 2619 2642 2668 2693 2718 2741 2764 2789 2813 2836 2861 4699 4922 5133 5248 5273 5300 5326 5349 5371 5396 5420 5444 5468 5494 5520 5544 5569 5594 5595 5620 5621 5646 5647 5671 5672 5697 5698 5723 5724 5749 5750 5774 5775 5800 5801 5826 5827 5852 5853 5865 5877 5878 5891 5902 5914 5925 5938 5950 5962 5973 5974 5997 6044 6048 6255 6456 6645 6802 7042 7267 7907 8132 8257 8283 8309 8348 8362 8388 8414 8613 8826 8852 
	}
	history={
		owner = WTR
		add_core_of = WTR

	}
	manpower = 1
	state_category = wasteland
	buildings_max_level_factor=1.000
}
