state={
	id=8776
	name="STATE_8776"
	provinces={
		47 254 450 635 830 1032 1035 1218 1251 1255 1442 1477 1481 1701 1705 1894 1930 2112 2137 2247 2273 2274 2299 2300 2325 2326 2349 2350 2622 2645 2671 2696 2721 2744 2767 2792 3037 3238 4213 4663 5109 5234 5259 5506 5532 5556 5863 5889 5912 8403 8453 8481 8508 8723 8758 8856 8881 8890 8905 8912 8929 8952 8977 8985 8989 9000 9008 9025 9034 9076 
	}
	history={
		owner = WTR
		add_core_of = WTR

	}
	manpower = 1
	state_category = wasteland
	buildings_max_level_factor=1.000
}
