state={
	id=8799
	name="STATE_8799"
	provinces={
		795 999 1669 2374 2399 2424 2446 2448 2473 2481 2499 2523 2546 2568 2570 2578 2596 2604 2695 2816 2839 2909 2911 2936 2959 2960 2986 3038 3785 4034 4438 4662 5286 5312 5432 5455 5480 5792 5818 5845 5856 5895 5966 6049 8274 8300 8326 8361 8387 8393 8404 8418 8428 8442 8454 8462 8469 8482 8496 8517 8530 8542 8565 8588 8604 8632 8640 8646 8658 8666 8672 8684 8692 8709 8717 8735 8743 8759 8767 8782 8789 8813 8831 8839 8840 8865 8973 9023 
	}
	history={
		owner = WTR
		add_core_of = WTR

	}
	manpower = 1
	state_category = wasteland
	buildings_max_level_factor=1.000
}
